1 84.8 73.1 0.798 88.3 19.8 89.4 94.1 74.0
2 84.3 74.5 0.788 90.4 33.4 90.1 86.0 72.7
3 81.7 71.3 0.754 89.5 21.4 88.8 86.6 70.1
4 82.0 71.2 0.756 88.7 20.0 89.1 85.6 72.9
5 79.3 68.5 0.718 85.6 16.0 87.7 82.9 70.0
1 85.0 73.8 0.802 89.7 18.8 88.2 92.4 79.8
2 85.8 75.1 0.808 95.5 28.2 88.5 91.7 71.9
1 47.0 29.5 0.291 52.5 20.0 68.9 6.1 0.0
1 87.9 80.9 0.838 93.0 43.1 88.8 93.5 86.2
2 90.7 84.5 0.873 96.3 54.3 92.3 92.5 87.0
1 71.9 55.7 0.608 84.5 0.0 70.7 89.0 34.1
1 71.9 55.7 0.608 84.5 0.0 70.7 89.0 34.1
1 71.9 55.7 0.608 84.5 0.0 70.7 89.0 34.1
2 65.3 50.7 0.527 57.1 0.0 81.0 55.0 60.2
1 71.9 55.7 0.608 84.5 0.0 70.7 89.0 34.1
2 65.3 50.7 0.527 57.1 0.0 81.0 55.0 60.2
1 87.8 79.2 0.837 91.5 33.0 88.1 94.2 89.0
1 87.8 79.2 0.837 91.5 33.0 88.1 94.2 89.0
1 87.8 79.2 0.837 91.5 33.0 88.1 94.2 89.0
